%YAML:1.0
range_normalization: !!opencv-matrix
   rows: 1
   cols: 1808
   dt: f
   data: [ 6.63265288e-02, 5.10204099e-02, 7.65306130e-02,
       7.65306130e-02, 7.14285746e-02, 5.10204099e-02, 5.61224483e-02,
       1.78571433e-01, 6.12244904e-02, 8.16326514e-02, 6.63265288e-02,
       1.02040820e-01, 1.47959188e-01, 1.07142858e-01, 6.12244904e-02,
       8.16326514e-02, 1.58163264e-01, 4.08163257e-02, 1.22448981e-01,
       1.12244897e-01, 6.63265288e-02, 6.12244904e-02, 4.59183678e-02,
       6.12244904e-02, 4.08163257e-02, 1.12244897e-01, 1.53061226e-01,
       8.16326514e-02, 1.17346942e-01, 2.39795923e-01, 4.59183678e-02,
       7.65306130e-02, 7.65306130e-02, 1.42857149e-01, 1.37755096e-01,
       4.08163257e-02, 8.16326514e-02, 1.12244897e-01, 7.14285746e-02,
       9.69387740e-02, 2.75510192e-01, 4.59183678e-02, 5.61224483e-02,
       5.61224483e-02, 4.08163257e-02, 7.65306130e-02, 6.63265288e-02,
       1.47959188e-01, 7.65306130e-02, 6.12244904e-02, 8.16326514e-02,
       9.18367356e-02, 1.53061226e-01, 6.63265288e-02, 5.10204099e-02,
       7.65306130e-02, 7.14285746e-02, 3.92857134e-01, 6.12244904e-02,
       6.12244904e-02, 1.12244897e-01, 1.27551019e-01, 1.83673471e-01,
       6.63265288e-02, 5.61224483e-02, 8.67346972e-02, 8.16326514e-02,
       1.22448981e-01, 3.06122452e-01, 5.10204099e-02, 5.61224483e-02,
       9.18367356e-02, 1.32653058e-01, 1.17346942e-01, 6.12244904e-02,
       1.27551019e-01, 8.67346972e-02, 8.16326514e-02, 5.10204099e-02,
       1.02040820e-01, 1.07142858e-01, 1.53061226e-01, 6.12244904e-02,
       8.67346972e-02, 5.10204099e-02, 8.67346972e-02, 4.08163257e-02,
       8.16326514e-02, 1.02040820e-01, 5.10204099e-02, 7.14285746e-02,
       2.34693885e-01, 1.27551019e-01, 1.42857149e-01, 6.63265288e-02,
       1.02040820e-01, 6.12244904e-02, 2.14285716e-01, 1.07142858e-01,
       2.44897962e-01, 1.32653058e-01, 3.57142873e-02, 4.28571433e-01,
       7.65306130e-02, 1.12244897e-01, 9.69387740e-02, 1.12244897e-01,
       1.17346942e-01, 1.12244897e-01, 5.61224483e-02, 1.27551019e-01,
       5.61224483e-02, 1.32653058e-01, 7.14285746e-02, 8.67346972e-02,
       1.07142858e-01, 5.10204099e-02, 4.59183678e-02, 6.63265288e-02,
       1.37755096e-01, 8.67346972e-02, 1.02040820e-01, 7.14285746e-02,
       1.58163264e-01, 4.08163257e-02, 2.65306115e-01, 2.55102068e-02,
       2.04081640e-01, 6.12244904e-02, 1.02040820e-01, 1.22448981e-01,
       6.63265288e-02, 1.42857149e-01, 1.32653058e-01, 7.65306130e-02,
       4.59183678e-02, 7.65306130e-02, 6.12244904e-02, 1.17346942e-01,
       1.22448981e-01, 6.12244904e-02, 7.14285746e-02, 2.14285716e-01,
       1.68367341e-01, 6.12244904e-02, 5.61224483e-02, 5.61224483e-02,
       7.65306130e-02, 4.08163257e-02, 3.57142873e-02, 9.18367356e-02,
       1.17346942e-01, 6.12244904e-02, 1.37755096e-01, 6.12244904e-02,
       7.65306130e-02, 5.61224483e-02, 1.02040820e-01, 9.18367356e-02,
       1.58163264e-01, 7.65306130e-02, 9.18367356e-02, 6.37755096e-01,
       7.65306130e-02, 2.65306115e-01, 8.16326514e-02, 5.61224483e-02,
       1.12244897e-01, 5.10204099e-02, 6.63265288e-02, 4.59183678e-02,
       1.07142858e-01, 9.18367356e-02, 7.65306130e-02, 1.07142858e-01,
       5.10204099e-02, 9.18367356e-02, 1.32653058e-01, 5.61224483e-02,
       1.07142858e-01, 7.14285746e-02, 7.65306130e-02, 1.47959188e-01,
       1.22448981e-01, 9.69387740e-02, 4.08163257e-02, 7.65306130e-02,
       6.12244904e-02, 1.37755096e-01, 7.14285746e-02, 8.67346972e-02,
       3.57142873e-02, 1.42857149e-01, 8.67346972e-02, 6.63265288e-02,
       4.59183678e-02, 1.32653058e-01, 6.63265288e-02, 8.67346972e-02,
       1.02040820e-01, 5.61224483e-02, 7.65306130e-02, 6.63265288e-02,
       7.14285746e-02, 6.63265288e-02, 4.59183678e-02, 8.16326514e-02,
       1.88775510e-01, 1.02040820e-01, 1.17346942e-01, 7.14285746e-02,
       1.07142858e-01, 1.68367341e-01, 1.27551019e-01, 4.08163257e-02,
       6.63265288e-02, 1.58163264e-01, 4.08163257e-02, 9.18367356e-02,
       1.12244897e-01, 7.65306130e-02, 6.12244904e-02, 8.16326514e-02,
       5.61224483e-02, 5.10204099e-02, 1.73469394e-01, 2.65306115e-01,
       1.53061226e-01, 1.32653058e-01, 2.50000000e-01, 5.61224483e-02,
       1.07142858e-01, 1.42857149e-01, 7.14285746e-02, 9.18367356e-02,
       7.14285746e-02, 6.63265288e-02, 8.67346972e-02, 7.14285746e-02,
       9.18367356e-02, 1.37755096e-01, 4.59183678e-02, 4.59183678e-02,
       6.12244904e-02, 8.67346972e-02, 1.42857149e-01, 5.10204099e-02,
       7.65306130e-02, 7.14285746e-02, 6.63265288e-02, 1.07142858e-01,
       6.63265288e-02, 7.65306130e-02, 1.12244897e-01, 4.59183678e-02,
       6.12244904e-02, 5.61224483e-02, 1.42857149e-01, 6.63265288e-02,
       8.16326514e-02, 7.14285746e-02, 1.22448981e-01, 1.12244897e-01,
       6.63265288e-02, 9.69387740e-02, 8.67346972e-02, 1.12244897e-01,
       1.27551019e-01, 1.53061226e-01, 1.17346942e-01, 4.59183678e-02,
       7.65306130e-02, 9.18367356e-02, 2.04081640e-01, 5.61224483e-02,
       1.53061226e-01, 6.63265288e-02, 7.14285746e-02, 6.12244904e-02,
       9.18367356e-02, 1.02040820e-01, 1.73469394e-01, 5.10204099e-02,
       9.18367356e-02, 7.65306130e-02, 1.32653058e-01, 5.61224483e-02,
       9.18367356e-02, 1.98979586e-01, 1.37755096e-01, 9.69387740e-02,
       3.36734682e-01, 1.42857149e-01, 1.58163264e-01, 5.10204099e-02,
       1.22448981e-01, 9.69387740e-02, 1.32653058e-01, 1.22448981e-01,
       2.75510192e-01, 8.67346972e-02, 6.63265288e-02, 1.98979586e-01,
       7.14285746e-02, 1.93877548e-01, 7.14285746e-02, 9.69387740e-02,
       8.16326514e-02, 1.27551019e-01, 5.61224483e-02, 1.47959188e-01,
       6.12244904e-02, 1.22448981e-01, 9.18367356e-02, 8.67346972e-02,
       1.02040820e-01, 6.12244904e-02, 4.59183678e-02, 8.67346972e-02,
       1.58163264e-01, 8.16326514e-02, 7.65306130e-02, 7.65306130e-02,
       9.69387740e-02, 6.12244904e-02, 2.60204077e-01, 5.10204099e-02,
       1.37755096e-01, 4.08163257e-02, 7.65306130e-02, 8.67346972e-02,
       1.32653058e-01, 1.78571433e-01, 7.65306130e-02, 8.67346972e-02,
       6.12244904e-02, 7.14285746e-02, 5.61224483e-02, 1.12244897e-01,
       1.73469394e-01, 4.59183678e-02, 6.63265288e-02, 2.09183678e-01,
       1.02040820e-01, 8.16326514e-02, 6.12244904e-02, 8.67346972e-02,
       5.10204099e-02, 1.12244897e-01, 6.12244904e-02, 6.12244904e-02,
       1.58163264e-01, 7.14285746e-02, 1.88775510e-01, 8.16326514e-02,
       7.14285746e-02, 4.59183678e-02, 5.61224483e-02, 7.14285746e-02,
       3.46938789e-01, 5.61224483e-02, 8.16326514e-02, 7.95918345e-01,
       6.63265288e-02, 1.22448981e-01, 6.12244904e-02, 8.16326514e-02,
       1.07142858e-01, 5.10204099e-02, 8.67346972e-02, 5.61224483e-02,
       5.61224483e-02, 1.47959188e-01, 7.65306130e-02, 9.69387740e-02,
       5.61224483e-02, 6.63265288e-02, 1.53061226e-01, 7.65306130e-02,
       9.18367356e-02, 4.59183678e-02, 1.07142858e-01, 1.68367341e-01,
       1.07142858e-01, 4.59183663e-01, 7.65306130e-02, 4.08163257e-02,
       6.12244904e-02, 2.09183678e-01, 5.61224483e-02, 8.67346972e-02,
       4.08163257e-02, 1.47959188e-01, 4.59183678e-02, 8.16326514e-02,
       1.12244897e-01, 9.69387740e-02, 5.61224483e-02, 5.61224483e-02,
       6.63265288e-02, 7.65306130e-02, 6.12244904e-02, 6.12244904e-02,
       8.67346972e-02, 5.10204099e-02, 7.14285746e-02, 9.69387740e-02,
       2.14285716e-01, 9.69387740e-02, 1.78571433e-01, 1.02040820e-01,
       9.18367356e-02, 1.63265303e-01, 7.14285746e-02, 6.12244904e-02,
       5.61224483e-02, 1.42857149e-01, 4.08163257e-02, 1.17346942e-01,
       1.47959188e-01, 6.63265288e-02, 5.10204099e-02, 1.37755096e-01,
       6.63265288e-02, 6.12244904e-02, 1.83673471e-01, 1.93877548e-01,
       1.07142858e-01, 1.53061226e-01, 1.98979586e-01, 7.14285746e-02,
       9.18367356e-02, 2.09183678e-01, 1.88775510e-01, 1.53061226e-01,
       4.59183678e-02, 7.14285746e-02, 2.04081640e-01, 1.02040820e-01,
       6.63265288e-02, 9.18367356e-02, 5.61224483e-02, 5.10204099e-02,
       5.61224483e-02, 7.14285746e-02, 2.44897962e-01, 6.63265288e-02,
       8.16326514e-02, 7.14285746e-02, 7.14285746e-02, 6.12244904e-02,
       1.12244897e-01, 1.53061226e-01, 1.02040820e-01, 7.65306130e-02,
       6.63265288e-02, 7.65306130e-02, 4.59183663e-01, 7.14285746e-02,
       1.07142858e-01, 1.22448981e-01, 1.32653058e-01, 8.16326514e-02,
       6.63265288e-02, 1.02040820e-01, 8.16326514e-02, 1.12244897e-01,
       6.63265288e-02, 1.53061226e-01, 1.32653058e-01, 5.10204099e-02,
       6.12244904e-02, 1.58163264e-01, 1.32653058e-01, 8.16326514e-02,
       3.62244904e-01, 8.67346972e-02, 8.16326514e-02, 5.61224483e-02,
       1.53061226e-01, 1.32653058e-01, 1.73469394e-01, 9.69387740e-02,
       5.61224483e-02, 1.07142858e-01, 1.17346942e-01, 7.14285746e-02,
       9.18367356e-02, 2.34693885e-01, 1.63265303e-01, 9.18367356e-02,
       2.60204077e-01, 1.42857149e-01, 2.24489793e-01, 7.65306130e-02,
       3.77551019e-01, 1.17346942e-01, 2.95918375e-01, 2.29591832e-01,
       3.11224490e-01, 1.53061226e-01, 7.65306130e-02, 1.17346942e-01,
       7.65306130e-02, 1.02040820e-01, 7.65306130e-02, 9.18367356e-02,
       1.17346942e-01, 1.32653058e-01, 7.65306130e-02, 1.78571433e-01,
       6.63265288e-02, 1.27551019e-01, 5.61224483e-02, 8.16326514e-02,
       1.68367341e-01, 6.63265288e-02, 5.10204099e-02, 8.67346972e-02,
       1.58163264e-01, 1.07142858e-01, 8.67346972e-02, 6.63265288e-02,
       1.07142858e-01, 6.12244904e-02, 2.55102038e-01, 4.59183678e-02,
       1.32653058e-01, 4.08163257e-02, 8.67346972e-02, 7.65306130e-02,
       1.73469394e-01, 1.53061226e-01, 1.63265303e-01, 9.69387740e-02,
       7.65306130e-02, 9.69387740e-02, 7.14285746e-02, 6.12244904e-02,
       9.69387740e-02, 5.10204099e-02, 6.63265288e-02, 1.73469394e-01,
       1.02040820e-01, 6.63265288e-02, 6.12244904e-02, 1.07142858e-01,
       6.63265288e-02, 1.07142858e-01, 6.12244904e-02, 7.14285746e-02,
       1.78571433e-01, 6.63265288e-02, 1.83673471e-01, 5.61224483e-02,
       9.18367356e-02, 6.12244904e-02, 7.65306130e-02, 8.67346972e-02,
       3.62244904e-01, 9.69387740e-02, 8.67346972e-02, 4.03061211e-01,
       8.16326514e-02, 9.18367356e-02, 6.12244904e-02, 1.02040820e-01,
       8.16326514e-02, 8.67346972e-02, 1.02040820e-01, 4.59183678e-02,
       8.67346972e-02, 1.32653058e-01, 5.10204099e-02, 9.69387740e-02,
       9.18367356e-02, 7.65306130e-02, 8.16326514e-02, 5.10204099e-02,
       6.63265288e-02, 4.08163257e-02, 8.67346972e-02, 1.73469394e-01,
       8.67346972e-02, 4.33673471e-01, 8.67346972e-02, 8.16326514e-02,
       6.63265288e-02, 1.07142858e-01, 5.61224483e-02, 6.63265288e-02,
       4.08163257e-02, 3.06122452e-01, 5.10204099e-02, 7.65306130e-02,
       7.65306130e-02, 9.18367356e-02, 6.12244904e-02, 6.63265288e-02,
       5.61224483e-02, 8.16326514e-02, 4.08163257e-02, 5.10204099e-02,
       5.10204099e-02, 6.12244904e-02, 5.10204099e-02, 6.63265288e-02,
       1.83673471e-01, 1.37755096e-01, 1.32653058e-01, 5.61224483e-02,
       1.27551019e-01, 8.67346972e-02, 9.18367356e-02, 6.63265288e-02,
       6.12244904e-02, 1.88775510e-01, 4.59183678e-02, 1.02040820e-01,
       5.61224483e-02, 4.08163257e-02, 7.14285746e-02, 5.10204099e-02,
       1.22448981e-01, 6.63265288e-02, 3.21428567e-01, 1.78571433e-01,
       1.37755096e-01, 7.14285746e-02, 2.34693885e-01, 6.12244904e-02,
       1.12244897e-01, 2.14285716e-01, 1.47959188e-01, 7.14285746e-02,
       1.02040820e-01, 4.59183678e-02, 1.53061226e-01, 6.63265288e-02,
       9.69387740e-02, 1.88775510e-01, 8.67346972e-02, 4.08163257e-02,
       8.16326514e-02, 5.10204099e-02, 4.59183678e-02, 3.06122471e-02,
       9.69387740e-02, 1.07142858e-01, 6.63265288e-02, 9.18367356e-02,
       6.63265288e-02, 1.17346942e-01, 1.17346942e-01, 5.61224483e-02,
       7.65306130e-02, 6.63265288e-02, 2.04081640e-01, 6.12244904e-02,
       1.07142858e-01, 6.63265288e-02, 1.58163264e-01, 1.02040820e-01,
       6.63265288e-02, 1.07142858e-01, 8.16326514e-02, 7.65306130e-02,
       8.16326514e-02, 2.80612230e-01, 6.63265288e-02, 7.65306130e-02,
       8.67346972e-02, 7.65306130e-02, 1.07142858e-01, 4.08163257e-02,
       2.39795923e-01, 5.10204099e-02, 5.10204099e-02, 8.67346972e-02,
       1.37755096e-01, 7.65306130e-02, 1.42857149e-01, 9.18367356e-02,
       8.67346972e-02, 7.65306130e-02, 1.47959188e-01, 6.63265288e-02,
       1.02040820e-01, 7.14285746e-02, 4.59183678e-02, 6.12244904e-02,
       1.73469394e-01, 7.14285746e-02, 1.12244897e-01, 9.69387740e-02,
       7.14285746e-02, 6.12244904e-02, 2.60204077e-01, 1.27551019e-01,
       9.18367356e-02, 5.61224483e-02, 4.08163257e-02, 2.29591832e-01,
       1.17346942e-01, 2.75510192e-01, 7.65306130e-02, 6.63265288e-02,
       8.67346972e-02, 1.32653058e-01, 6.63265288e-02, 6.63265288e-02,
       4.59183678e-02, 1.32653058e-01, 5.10204099e-02, 9.18367356e-02,
       9.69387740e-02, 4.08163257e-02, 5.10204099e-02, 8.16326514e-02,
       1.12244897e-01, 7.14285746e-02, 7.65306130e-02, 9.18367356e-02,
       1.22448981e-01, 5.61224483e-02, 1.58163264e-01, 3.06122471e-02,
       1.53061226e-01, 6.12244904e-02, 9.18367356e-02, 8.67346972e-02,
       1.02040820e-01, 9.18367356e-02, 9.18367356e-02, 7.65306130e-02,
       4.08163257e-02, 1.27551019e-01, 4.59183678e-02, 8.67346972e-02,
       9.18367356e-02, 6.63265288e-02, 6.12244904e-02, 1.12244897e-01,
       6.12244904e-02, 5.10204099e-02, 8.67346972e-02, 4.59183678e-02,
       6.12244904e-02, 1.17346942e-01, 5.10204099e-02, 6.12244904e-02,
       7.14285746e-02, 6.12244904e-02, 1.78571433e-01, 9.18367356e-02,
       7.14285746e-02, 4.59183678e-02, 7.65306130e-02, 8.16326514e-02,
       1.42857149e-01, 6.63265288e-02, 9.18367356e-02, 4.69387770e-01,
       9.69387740e-02, 2.19387755e-01, 3.06122471e-02, 9.18367356e-02,
       8.67346972e-02, 6.63265288e-02, 9.18367356e-02, 4.59183678e-02,
       1.07142858e-01, 1.73469394e-01, 7.14285746e-02, 1.07142858e-01,
       4.59183678e-02, 6.63265288e-02, 8.67346972e-02, 1.07142858e-01,
       7.14285746e-02, 6.12244904e-02, 1.32653058e-01, 1.47959188e-01,
       1.32653058e-01, 7.65306130e-02, 3.06122471e-02, 2.65306115e-01,
       7.14285746e-02, 9.18367356e-02, 8.67346972e-02, 6.63265288e-02,
       5.10204099e-02, 1.37755096e-01, 6.12244904e-02, 1.27551019e-01,
       1.07142858e-01, 1.02040820e-01, 5.61224483e-02, 5.10204099e-02,
       1.12244897e-01, 7.65306130e-02, 7.14285746e-02, 5.61224483e-02,
       6.63265288e-02, 6.12244904e-02, 8.16326514e-02, 4.59183678e-02,
       1.17346942e-01, 7.65306130e-02, 1.02040820e-01, 6.12244904e-02,
       7.14285746e-02, 8.67346972e-02, 4.08163257e-02, 6.63265288e-02,
       6.63265288e-02, 1.32653058e-01, 4.59183678e-02, 8.16326514e-02,
       8.67346972e-02, 6.63265288e-02, 7.14285746e-02, 6.12244904e-02,
       6.12244904e-02, 6.12244904e-02, 2.04081640e-01, 1.37755096e-01,
       6.63265288e-02, 7.14285746e-02, 8.16326514e-02, 4.59183678e-02,
       7.14285746e-02, 9.18367356e-02, 9.69387740e-02, 1.02040820e-01,
       4.59183678e-02, 5.10204099e-02, 6.63265288e-02, 7.65306130e-02,
       8.16326514e-02, 2.85714298e-01, 5.61224483e-02, 5.61224483e-02,
       5.61224483e-02, 6.63265288e-02, 7.14285746e-02, 4.08163257e-02,
       1.02040820e-01, 7.65306130e-02, 4.59183678e-02, 8.67346972e-02,
       6.12244904e-02, 6.12244904e-02, 6.63265288e-02, 5.61224483e-02,
       5.61224483e-02, 5.10204099e-02, 1.07142858e-01, 5.10204099e-02,
       8.16326514e-02, 8.67346972e-02, 1.12244897e-01, 6.12244904e-02,
       5.61224483e-02, 8.16326514e-02, 8.67346972e-02, 6.63265288e-02,
       9.18367356e-02, 6.63265288e-02, 5.61224483e-02, 7.14285746e-02,
       4.08163257e-02, 8.67346972e-02, 5.61224483e-02, 5.61224483e-02,
       1.93877548e-01, 6.12244904e-02, 7.14285746e-02, 6.12244904e-02,
       7.14285746e-02, 5.10204099e-02, 7.14285746e-02, 6.63265288e-02,
       3.06122471e-02, 1.22448981e-01, 1.53061226e-01, 4.59183678e-02,
       5.10204099e-02, 2.19387755e-01, 7.14285746e-02, 5.61224483e-02,
       8.67346972e-02, 5.10204099e-02, 9.18367356e-02, 7.65306130e-02,
       9.18367356e-02, 6.63265288e-02, 1.58163264e-01, 1.27551019e-01,
       9.18367356e-02, 7.14285746e-02, 7.14285746e-02, 1.07142858e-01,
       7.14285746e-02, 9.69387740e-02, 5.61224483e-02, 6.12244904e-02,
       8.16326514e-02, 1.02040820e-01, 5.10204099e-02, 5.10204099e-02,
       5.10204099e-02, 8.16326514e-02, 4.59183678e-02, 9.18367356e-02,
       5.61224483e-02, 6.12244904e-02, 5.10204099e-02, 6.12244904e-02,
       1.07142858e-01, 8.16326514e-02, 1.07142858e-01, 6.12244904e-02,
       1.07142858e-01, 5.10204099e-02, 1.02040820e-01, 4.59183678e-02,
       1.12244897e-01, 4.59183678e-02, 6.63265288e-02, 9.18367356e-02,
       8.16326514e-02, 6.63265288e-02, 1.63265303e-01, 6.12244904e-02,
       5.61224483e-02, 5.10204099e-02, 4.59183678e-02, 5.61224483e-02,
       1.42857149e-01, 4.08163257e-02, 6.63265288e-02, 1.07142858e-01,
       9.18367356e-02, 5.61224483e-02, 4.59183678e-02, 6.63265288e-02,
       6.12244904e-02, 9.18367356e-02, 5.10204099e-02, 6.63265288e-02,
       7.14285746e-02, 5.61224483e-02, 9.18367356e-02, 5.61224483e-02,
       8.67346972e-02, 5.61224483e-02, 6.63265288e-02, 5.10204099e-02,
       1.63265303e-01, 6.12244904e-02, 5.10204099e-02, 1.63265303e-01,
       8.16326514e-02, 3.21428567e-01, 3.57142873e-02, 1.07142858e-01,
       9.18367356e-02, 6.12244904e-02, 8.67346972e-02, 4.59183678e-02,
       6.63265288e-02, 1.27551019e-01, 7.65306130e-02, 9.18367356e-02,
       5.61224483e-02, 4.59183678e-02, 7.65306130e-02, 6.12244904e-02,
       7.14285746e-02, 5.10204099e-02, 8.67346972e-02, 8.67346972e-02,
       9.69387740e-02, 1.47959188e-01, 7.14285746e-02, 2.44897962e-01,
       7.14285746e-02, 7.14285746e-02, 6.12244904e-02, 5.10204099e-02,
       5.61224483e-02, 1.02040820e-01, 6.12244904e-02, 6.12244904e-02,
       8.67346972e-02, 5.61224483e-02, 5.10204099e-02, 4.08163257e-02,
       4.08163257e-02, 1.07142858e-01, 4.08163257e-02, 4.59183678e-02,
       5.61224483e-02, 6.63265288e-02, 1.27551019e-01, 6.12244904e-02,
       1.12244897e-01, 7.14285746e-02, 2.14285716e-01, 6.63265288e-02,
       8.67346972e-02, 6.12244904e-02, 3.57142873e-02, 6.12244904e-02,
       7.65306130e-02, 1.17346942e-01, 4.59183678e-02, 1.27551019e-01,
       7.65306130e-02, 5.61224483e-02, 7.14285746e-02, 7.65306130e-02,
       9.69387740e-02, 1.42857149e-01, 1.78571433e-01, 1.68367341e-01,
       1.02040820e-01, 1.22448981e-01, 1.32653058e-01, 4.08163257e-02,
       1.07142858e-01, 9.69387740e-02, 2.24489793e-01, 6.12244904e-02,
       3.06122471e-02, 5.10204099e-02, 7.65306130e-02, 9.18367356e-02,
       1.12244897e-01, 8.16326514e-02, 6.12244904e-02, 4.08163257e-02,
       7.14285746e-02, 8.16326514e-02, 6.63265288e-02, 3.06122471e-02,
       6.12244904e-02, 7.65306130e-02, 6.12244904e-02, 8.16326514e-02,
       1.17346942e-01, 5.61224483e-02, 1.12244897e-01, 5.61224483e-02,
       1.12244897e-01, 6.63265288e-02, 9.18367356e-02, 5.10204099e-02,
       1.17346942e-01, 1.12244897e-01, 9.18367356e-02, 5.10204099e-02,
       4.59183678e-02, 1.12244897e-01, 8.16326514e-02, 1.12244897e-01,
       5.61224483e-02, 9.69387740e-02, 7.65306130e-02, 6.12244904e-02,
       5.10204099e-02, 6.12244904e-02, 1.17346942e-01, 6.12244904e-02,
       1.63265303e-01, 6.63265288e-02, 4.59183678e-02, 8.16326514e-02,
       9.69387740e-02, 1.37755096e-01, 5.10204099e-02, 9.69387740e-02,
       2.55102068e-02, 1.12244897e-01, 9.69387740e-02, 7.14285746e-02,
       8.16326514e-02, 2.29591832e-01, 1.07142858e-01, 7.65306130e-02,
       2.50000000e-01, 5.10204099e-02, 9.69387740e-02, 1.12244897e-01,
       1.68367341e-01, 8.67346972e-02, 1.37755096e-01, 1.27551019e-01,
       2.24489793e-01, 6.12244904e-02, 3.57142873e-02, 1.02040820e-01,
       6.63265288e-02, 9.69387740e-02, 6.63265288e-02, 7.65306130e-02,
       4.08163257e-02, 7.14285746e-02, 6.63265288e-02, 1.07142858e-01,
       5.61224483e-02, 9.18367356e-02, 5.61224483e-02, 7.14285746e-02,
       8.67346972e-02, 6.63265288e-02, 4.59183678e-02, 7.14285746e-02,
       1.17346942e-01, 5.61224483e-02, 1.22448981e-01, 5.61224483e-02,
       8.67346972e-02, 5.10204099e-02, 7.65306130e-02, 4.59183678e-02,
       1.07142858e-01, 5.10204099e-02, 1.68367341e-01, 9.69387740e-02,
       9.18367356e-02, 5.61224483e-02, 3.06122452e-01, 1.07142858e-01,
       1.22448981e-01, 5.61224483e-02, 4.08163257e-02, 7.14285746e-02,
       7.65306130e-02, 4.08163257e-02, 7.65306130e-02, 1.68367341e-01,
       5.10204099e-02, 5.61224483e-02, 6.12244904e-02, 7.14285746e-02,
       4.08163257e-02, 9.69387740e-02, 5.10204099e-02, 6.12244904e-02,
       1.42857149e-01, 4.08163257e-02, 1.17346942e-01, 6.63265288e-02,
       1.12244897e-01, 5.61224483e-02, 7.14285746e-02, 9.18367356e-02,
       1.53061226e-01, 5.10204099e-02, 7.65306130e-02, 6.63265288e-02,
       1.07142858e-01, 1.37755096e-01, 3.57142873e-02, 9.69387740e-02,
       1.17346942e-01, 9.18367356e-02, 1.37755096e-01, 6.12244904e-02,
       1.93877548e-01, 1.27551019e-01, 6.12244904e-02, 7.14285746e-02,
       6.63265288e-02, 4.59183678e-02, 7.14285746e-02, 8.67346972e-02,
       5.61224483e-02, 5.10204099e-02, 7.14285746e-02, 5.61224483e-02,
       9.69387740e-02, 4.48979586e-01, 6.12244904e-02, 7.65306130e-02,
       5.10204099e-02, 1.37755096e-01, 5.10204099e-02, 4.08163257e-02,
       6.63265288e-02, 1.53061226e-01, 6.12244904e-02, 1.02040820e-01,
       7.14285746e-02, 5.10204099e-02, 6.12244904e-02, 5.61224483e-02,
       4.08163257e-02, 8.16326514e-02, 7.65306130e-02, 1.07142858e-01,
       5.61224483e-02, 6.63265288e-02, 1.07142858e-01, 8.67346972e-02,
       9.18367356e-02, 1.42857149e-01, 1.27551019e-01, 7.14285746e-02,
       8.67346972e-02, 4.59183678e-02, 8.16326514e-02, 5.61224483e-02,
       9.18367356e-02, 1.02040820e-01, 3.06122471e-02, 1.12244897e-01,
       6.12244904e-02, 4.59183678e-02, 6.63265288e-02, 1.42857149e-01,
       8.67346972e-02, 5.61224483e-02, 2.39795923e-01, 2.55102038e-01,
       1.98979586e-01, 8.16326514e-02, 1.42857149e-01, 1.27551019e-01,
       1.53061226e-01, 3.01020414e-01, 9.18367356e-02, 8.67346972e-02,
       7.14285746e-02, 5.10204099e-02, 9.69387740e-02, 9.18367356e-02,
       8.16326514e-02, 3.16326529e-01, 5.61224483e-02, 3.57142873e-02,
       6.12244904e-02, 5.61224483e-02, 7.14285746e-02, 4.08163257e-02,
       9.69387740e-02, 1.68367341e-01, 7.14285746e-02, 6.63265288e-02,
       6.12244904e-02, 6.63265288e-02, 1.73469394e-01, 5.10204099e-02,
       7.14285746e-02, 8.67346972e-02, 1.83673471e-01, 5.10204099e-02,
       1.63265303e-01, 6.12244904e-02, 9.69387740e-02, 1.68367341e-01,
       5.10204099e-02, 1.37755096e-01, 7.65306130e-02, 1.78571433e-01,
       6.12244904e-02, 1.63265303e-01, 1.37755096e-01, 4.59183678e-02,
       7.14285746e-02, 5.61224483e-02, 8.67346972e-02, 4.59183678e-02,
       2.19387755e-01, 8.67346972e-02, 5.61224483e-02, 5.61224483e-02,
       1.17346942e-01, 1.37755096e-01, 1.42857149e-01, 1.02040820e-01,
       8.16326514e-02, 1.37755096e-01, 2.04081640e-01, 5.61224483e-02,
       9.69387740e-02, 1.73469394e-01, 1.17346942e-01, 1.58163264e-01,
       1.17346942e-01, 7.65306130e-02, 1.83673471e-01, 8.67346972e-02,
       3.46938789e-01, 1.07142858e-01, 1.98979586e-01, 1.22448981e-01,
       8.16326514e-02, 6.63265288e-02, 8.16326514e-02, 1.22448981e-01,
       7.65306130e-02, 1.58163264e-01, 8.16326514e-02, 1.37755096e-01,
       7.65306130e-02, 1.32653058e-01, 8.16326514e-02, 1.27551019e-01,
       1.12244897e-01, 1.07142858e-01, 9.69387740e-02, 8.16326514e-02,
       1.12244897e-01, 1.02040820e-01, 3.57142873e-02, 7.65306130e-02,
       1.07142858e-01, 8.16326514e-02, 7.14285746e-02, 8.67346972e-02,
       1.68367341e-01, 8.16326514e-02, 1.27551019e-01, 5.10204099e-02,
       1.02040820e-01, 4.08163257e-02, 8.16326514e-02, 1.12244897e-01,
       1.58163264e-01, 1.02040820e-01, 2.24489793e-01, 9.69387740e-02,
       7.65306130e-02, 1.32653058e-01, 4.08163257e-02, 7.65306130e-02,
       7.65306130e-02, 6.12244904e-02, 8.16326514e-02, 1.02040820e-01,
       9.69387740e-02, 9.18367356e-02, 9.69387740e-02, 9.69387740e-02,
       7.65306130e-02, 1.83673471e-01, 4.59183678e-02, 9.69387740e-02,
       6.12244904e-02, 9.69387740e-02, 1.63265303e-01, 8.67346972e-02,
       7.14285746e-02, 4.59183678e-02, 7.65306130e-02, 8.16326514e-02,
       1.22448981e-01, 7.14285746e-02, 1.73469394e-01, 1.02040820e-01,
       8.67346972e-02, 2.70408154e-01, 3.57142873e-02, 7.14285746e-02,
       7.14285746e-02, 5.61224483e-02, 1.07142858e-01, 5.10204099e-02,
       1.02040820e-01, 2.65306115e-01, 6.63265288e-02, 1.53061226e-01,
       1.17346942e-01, 6.12244904e-02, 1.02040820e-01, 6.12244904e-02,
       8.16326514e-02, 6.63265288e-02, 7.14285746e-02, 8.16326514e-02,
       8.67346972e-02, 3.31632644e-01, 7.14285746e-02, 9.18367356e-02,
       4.59183678e-02, 1.32653058e-01, 9.18367356e-02, 8.67346972e-02,
       3.06122471e-02, 1.22448981e-01, 6.12244904e-02, 1.32653058e-01,
       1.42857149e-01, 7.65306130e-02, 7.14285746e-02, 6.12244904e-02,
       6.12244904e-02, 6.63265288e-02, 7.14285746e-02, 6.12244904e-02,
       7.14285746e-02, 4.08163257e-02, 7.65306130e-02, 1.02040820e-01,
       1.63265303e-01, 1.58163264e-01, 2.09183678e-01, 8.67346972e-02,
       7.14285746e-02, 7.14285746e-02, 6.12244904e-02, 6.12244904e-02,
       8.16326514e-02, 1.12244897e-01, 2.55102068e-02, 5.61224483e-02,
       1.17346942e-01, 6.12244904e-02, 8.67346972e-02, 1.12244897e-01,
       5.10204099e-02, 6.63265288e-02, 1.07142858e-01, 4.23469394e-01,
       1.78571433e-01, 9.18367356e-02, 9.69387740e-02, 6.63265288e-02,
       8.67346972e-02, 9.69387740e-02, 1.07142858e-01, 1.12244897e-01,
       5.10204099e-02, 8.16326514e-02, 8.67346972e-02, 7.14285746e-02,
       7.65306130e-02, 2.44897962e-01, 7.65306130e-02, 3.06122471e-02,
       7.14285746e-02, 8.16326514e-02, 1.32653058e-01, 3.57142873e-02,
       6.63265288e-02, 1.07142858e-01, 5.10204099e-02, 1.07142858e-01,
       1.07142858e-01, 5.10204099e-02, 1.12244897e-01, 3.57142873e-02,
       6.63265288e-02, 7.65306130e-02, 9.18367356e-02, 4.08163257e-02,
       1.17346942e-01, 8.16326514e-02, 6.12244904e-02, 7.65306130e-02,
       5.10204099e-02, 1.17346942e-01, 1.22448981e-01, 1.53061226e-01,
       5.10204099e-02, 5.61224483e-02, 1.58163264e-01, 7.14285746e-02,
       4.08163257e-02, 1.42857149e-01, 5.10204099e-02, 5.61224483e-02,
       1.78571433e-01, 8.16326514e-02, 7.14285746e-02, 6.12244904e-02,
       4.59183678e-02, 8.16326514e-02, 5.10204099e-02, 8.67346972e-02,
       4.08163257e-02, 9.69387740e-02, 1.98979586e-01, 7.14285746e-02,
       6.63265288e-02, 5.25510192e-01, 1.42857149e-01, 1.12244897e-01,
       8.16326514e-02, 5.10204099e-02, 1.98979586e-01, 7.14285746e-02,
       4.59183663e-01, 1.12244897e-01, 2.85714298e-01, 1.93877548e-01,
       1.58163264e-01, 7.65306130e-02, 8.16326514e-02, 1.73469394e-01,
       8.67346972e-02, 2.09183678e-01, 3.57142873e-02, 1.12244897e-01,
       4.08163257e-02, 1.22448981e-01, 6.12244904e-02, 1.22448981e-01,
       9.18367356e-02, 7.14285746e-02, 7.65306130e-02, 8.16326514e-02,
       4.59183678e-02, 8.67346972e-02, 5.10204099e-02, 7.14285746e-02,
       1.93877548e-01, 7.14285746e-02, 8.16326514e-02, 4.59183678e-02,
       6.63265288e-02, 4.59183678e-02, 7.14285746e-02, 5.10204099e-02,
       2.19387755e-01, 4.59183678e-02, 6.63265288e-02, 1.02040820e-01,
       2.14285716e-01, 5.61224483e-02, 4.64285702e-01, 9.69387740e-02,
       8.16326514e-02, 1.07142858e-01, 3.06122471e-02, 8.16326514e-02,
       7.65306130e-02, 4.59183678e-02, 6.12244904e-02, 9.69387740e-02,
       1.12244897e-01, 5.10204099e-02, 6.12244904e-02, 1.02040820e-01,
       6.63265288e-02, 1.63265303e-01, 4.59183678e-02, 9.18367356e-02,
       9.18367356e-02, 7.14285746e-02, 6.63265288e-02, 5.61224483e-02,
       6.63265288e-02, 5.61224483e-02, 6.63265288e-02, 6.63265288e-02,
       1.73469394e-01, 7.14285746e-02, 1.37755096e-01, 3.06122471e-02,
       7.14285746e-02, 2.60204077e-01, 5.61224483e-02, 7.65306130e-02,
       6.12244904e-02, 6.63265288e-02, 9.69387740e-02, 7.14285746e-02,
       7.65306130e-02, 1.27551019e-01, 6.12244904e-02, 5.61224483e-02,
       1.22448981e-01, 7.14285746e-02, 1.32653058e-01, 7.65306130e-02,
       9.18367356e-02, 5.10204099e-02, 1.07142858e-01, 5.10204099e-02,
       6.12244904e-02, 3.36734682e-01, 7.65306130e-02, 1.88775510e-01,
       7.14285746e-02, 1.68367341e-01, 5.61224483e-02, 6.12244904e-02,
       5.10204099e-02, 9.18367356e-02, 5.61224483e-02, 1.53061226e-01,
       9.18367356e-02, 5.10204099e-02, 6.12244904e-02, 5.10204099e-02,
       3.57142873e-02, 4.59183678e-02, 1.07142858e-01, 6.12244904e-02,
       6.12244904e-02, 5.61224483e-02, 1.07142858e-01, 1.42857149e-01,
       9.69387740e-02, 9.69387740e-02, 2.65306115e-01, 1.12244897e-01,
       6.12244904e-02, 6.63265288e-02, 5.10204099e-02, 6.63265288e-02,
       6.63265288e-02, 1.58163264e-01, 3.06122471e-02, 9.18367356e-02,
       1.37755096e-01, 7.14285746e-02, 3.06122471e-02, 1.32653058e-01,
       6.12244904e-02, 6.12244904e-02, 1.07142858e-01, 3.06122452e-01,
       9.18367356e-02, 1.47959188e-01, 5.61224483e-02, 6.12244904e-02,
       1.12244897e-01, 1.73469394e-01, 3.11224490e-01, 1.02040820e-01,
       3.57142873e-02, 7.14285746e-02, 9.69387740e-02, 1.02040820e-01,
       9.69387740e-02, 7.14285746e-02, 5.10204099e-02, 2.55102068e-02,
       5.61224483e-02, 6.12244904e-02, 1.42857149e-01, 4.08163257e-02,
       7.65306130e-02, 9.18367356e-02, 4.59183678e-02, 7.65306130e-02,
       1.12244897e-01, 5.61224483e-02, 1.42857149e-01, 6.63265288e-02,
       7.65306130e-02, 7.65306130e-02, 2.14285716e-01, 4.59183678e-02,
       1.02040820e-01, 8.67346972e-02, 5.61224483e-02, 4.08163257e-02,
       4.59183678e-02, 1.63265303e-01, 1.27551019e-01, 1.22448981e-01,
       5.61224483e-02, 9.18367356e-02, 1.68367341e-01, 5.10204099e-02,
       8.16326514e-02, 1.58163264e-01, 6.12244904e-02, 8.16326514e-02,
       1.93877548e-01, 6.12244904e-02, 8.67346972e-02, 6.12244904e-02,
       5.61224483e-02, 2.14285716e-01, 7.14285746e-02, 9.18367356e-02,
       4.08163257e-02, 1.17346942e-01, 7.65306130e-02, 7.65306130e-02,
       7.14285746e-02, 4.38775510e-01, 1.27551019e-01, 1.02040820e-01,
       1.68367341e-01, 6.12244904e-02, 1.63265303e-01, 5.10204099e-02,
       6.12244904e-01, 1.47959188e-01, 1.37755096e-01, 1.32653058e-01,
       2.95918375e-01, 9.69387740e-02, 9.18367356e-02, 1.42857149e-01,
       8.67346972e-02, 1.83673471e-01, 8.16326514e-02, 1.22448981e-01,
       5.10204099e-02, 1.12244897e-01, 4.59183678e-02, 1.02040820e-01,
       8.67346972e-02, 6.12244904e-02, 5.61224483e-02, 7.14285746e-02,
       5.10204099e-02, 6.12244904e-02, 3.57142873e-02, 1.07142858e-01,
       2.24489793e-01, 1.02040820e-01, 8.67346972e-02, 5.10204099e-02,
       3.57142873e-02, 6.63265288e-02, 7.65306130e-02, 6.12244904e-02,
       2.09183678e-01, 4.59183678e-02, 1.53061226e-01, 7.65306130e-02,
       1.17346942e-01, 6.63265288e-02, 7.34693885e-01, 1.27551019e-01,
       7.65306130e-02, 7.14285746e-02, 4.59183678e-02, 7.65306130e-02,
       6.12244904e-02, 4.08163257e-02, 8.16326514e-02, 2.04081640e-01,
       1.02040820e-01, 5.10204099e-02, 9.69387740e-02, 1.27551019e-01,
       6.12244904e-02, 1.73469394e-01, 5.10204099e-02, 7.65306130e-02,
       2.65306115e-01, 8.67346972e-02, 7.14285746e-02, 5.61224483e-02,
       5.10204099e-02, 4.59183678e-02, 8.67346972e-02, 5.10204099e-02,
       1.37755096e-01, 5.61224483e-02, 1.12244897e-01, 1.63265303e-01,
       6.12244904e-02, 9.18367356e-02, 5.61224483e-02, 4.59183678e-02,
       6.63265288e-02, 5.10204099e-02, 1.02040820e-01, 8.16326514e-02,
       1.53061226e-01, 9.69387740e-02, 6.12244904e-02, 5.61224483e-02,
       1.47959188e-01, 7.65306130e-02, 8.67346972e-02, 5.61224483e-02,
       5.10204099e-02, 3.57142873e-02, 1.32653058e-01, 7.65306130e-02,
       7.14285746e-02, 3.41836721e-01, 1.37755096e-01, 8.67346972e-02,
       8.67346972e-02, 1.73469394e-01, 7.14285746e-02, 4.08163257e-02,
       5.10204099e-02, 9.18367356e-02, 5.10204099e-02, 1.07142858e-01,
       4.08163257e-02, 6.12244904e-02, 7.65306130e-02, 4.59183678e-02,
       5.10204099e-02, 1., 1., 1., 1., 1., 1., 1., 1. ]
